0.7815827202599949 77.30388888888889
0.3784305421766569 88.70333333333333
0.3222745295823171 90.47555555555556
0.2960215814970301 91.23833333333333
0.2789167409819665 91.74333333333334
0.2668389132075599 92.18166666666667
0.25893001700668744 92.375
0.25480949602804037 92.55499999999999
0.2534116350217605 92.54888888888888
0.2490782710699088 92.69333333333333
0.24872908784657738 92.68833333333333
0.2449750934132423 92.815
0.24708809964782436 92.73722222222223
0.2448935655528824 92.835
0.24469671751469818 92.84833333333333
