0.7735015698778096 77.49333333333334
0.3912021588605604 88.32333333333334
0.33638302789631686 90.035
0.3080691361049218 90.86333333333333
0.2941456268162234 91.33666666666667
0.28079271345123297 91.775
0.2747564304437337 91.90333333333334
0.27082241095427767 92.14166666666667
0.26921425758203715 92.11833333333334
0.26379513272296773 92.29166666666667
0.2629915599002322 92.33666666666667
0.26101196040190866 92.32833333333333
0.26110459424491755 92.30666666666667
0.2610853455746288 92.35833333333333
0.2590314564761767 92.43666666666667
