0.8349359911769184 75.68333333333334
0.39031437279255404 88.275
0.3304057032632421 90.17166666666667
0.30327357533675775 90.97333333333333
0.28428860127068023 91.58666666666667
0.2722267297023077 91.92666666666666
0.2623865023525412 92.37666666666667
0.25709326446914216 92.39166666666667
0.25716066926813075 92.38
0.253157821517668 92.58333333333333
0.25286796422941343 92.46333333333334
0.2469600105026701 92.70333333333333
0.24912372215597361 92.63833333333334
0.2490183383877725 92.68666666666667
0.2496353063160486 92.62166666666667
